3500.260
3501.066
3501.872
3502.679
3503.485
3504.292
3505.099
3505.906
3506.714
3507.521
3508.329
3509.137
3509.945
3510.753
3511.562
3512.370
3513.179
3513.988
3514.797
3515.607
3516.417
3517.226
3518.036
3518.846
3519.657
3520.467
3521.278
3522.089
3522.900
3523.711
3524.523
3525.334
3526.146
3526.958
3544.870
3545.686
3546.503
3547.320
3552.224
3553.042
3553.860
3554.678
3555.497
3556.316
3557.135
3557.954
3558.773
3559.593
3560.412
3561.232
3562.052
3562.873
3563.693
3564.514
3565.335
3566.156
3566.977
3567.798
3568.620
3569.442
3570.264
3571.086
3571.908
3572.731
3573.554
4047.625
4048.557
4357.128
4358.131
4359.135
4360.139
4361.143
4362.147
5460.096
5461.354
5462.611
5463.869
5465.128
5574.428
5575.712
5576.996
5578.280
5579.565
5580.850
5582.135
5583.420
5689.844
5887.085
5888.441
5889.797
5891.153
5892.510
5893.867
5895.224
5896.582
5897.939
5899.298
5900.656
6237.353
6297.966
6299.416
6300.867
6302.318
6303.769
6305.221
6306.673
6308.125
6309.578
6331.408
6363.562
6365.028
6366.494
6367.960
6499.805
6501.302
6555.417
6828.107
6829.679
6831.252
6832.825
6834.399
6835.973
6837.547
6862.784
6864.364
6865.945
6867.526
6869.107
6870.689
6872.271
6924.690
6926.284
6950.248
6951.849
6979.115
6980.722
7237.696
7239.362
7241.030
7242.697
7244.365
7246.033
7247.702
7249.371
7251.040
7254.380
7256.051
7274.452
7276.128
7277.803
7279.479
7281.156
7282.832
7284.510
7286.187
7287.865
7304.665
7306.347
7314.764
7316.448
7318.133
7319.818
7321.504
7329.938
7331.626
7333.314
7340.072
7341.762
7343.453
7345.144
7346.835
7358.687
7360.381
7362.076
7368.860
7370.557
7372.254
7373.952
7392.653
7394.355
7396.058
7401.169
7402.873
7404.578
7406.283
7431.908
7438.756
7440.469
7442.182
7473.092
7474.813
7476.534
7479.978
7481.700
7483.423
7485.146
7486.870
7523.160
7524.893
7526.625
7528.359
7530.093
7531.827
7533.561
7571.821
7573.564
7575.308
7598.018
7599.768
7601.518
7603.268
7605.019
7606.770
7608.522
7610.274
7612.027
7613.780
7615.533
7626.062
7627.818
7629.574
7631.331
7633.089
7634.846
7710.815
7712.591
7714.367
7716.144
7717.921
7719.698
7721.476
7723.254
7725.032
7726.812
7728.591
7748.191
7749.975
7751.760
7753.545
7755.330
7757.116
7758.903
7760.689
7762.477
7764.264
7774.999
7776.789
7780.371
7782.163
7783.955
7792.922
7794.716
7796.511
7798.307
7800.103
7809.088
7810.886
7812.685
7819.884
7821.685
7823.486
7825.288
7827.090
7841.521
7843.327
7845.133
7852.362
7854.170
7855.979
7857.788
7859.598
7861.407
7863.218
7865.029
7868.652
7870.464
7872.276
7874.089
7875.902
7879.530
7881.344
7883.159
7884.975
7888.607
7890.424
7892.240
7894.058
7895.876
7912.256
7914.078
7915.900
7917.723
7919.546
7921.370
7923.194
7925.019
7926.844
7930.495
7932.322
7934.148
7935.975
7948.777
7950.607
7952.438
7963.433
7965.267
7967.101
7968.936
7970.771
7978.115
7979.952
7981.790
7983.628
7990.985
7992.825
7994.666
7996.507
7998.348
8000.190
8013.095
8014.941
8016.786
8018.633
8024.173
8026.021
8027.870
8029.718
8031.567
8051.936
8053.790
8055.645
8061.211
8063.068
8064.925
8066.782
8104.016
8105.883
8277.521
8279.428
8281.334
8283.242
8285.149
8287.057
8288.965
8290.874
8292.783
8294.693
8296.603
8298.514
8300.424
8302.336
8304.248
8309.986
8311.900
8313.814
8315.729
8342.579
8344.500
8346.422
8348.344
8350.266
8352.189
8354.112
8356.036
8357.960
8363.736
8365.662
8367.588
8369.515
8381.086
8383.016
8384.947
8386.878
8396.539
8398.473
8400.407
8402.341
8404.276
8406.212
8413.957
8415.895
8417.833
8419.771
8421.710
8427.530
8429.471
8431.412
8433.354
8435.295
8437.238
8450.848
8452.794
8454.741
8456.688
8458.636
8462.532
8464.480
8466.430
8468.379
8470.330
8472.280
8491.811
8493.766
8495.722
8497.679
8499.636
8503.551
8505.509
8507.468
8509.427
8511.386
8538.868
8540.835
8542.802
8548.705
8550.673
8552.642
8554.612
8598.057
8600.037
8615.893
8617.877
8619.862
8621.847
8623.833
8625.818
8627.805
8629.792
8631.779
8633.767
8635.755
8637.744
8639.733
8641.723
8643.713
8649.686
8651.677
8653.669
8655.663
8657.656
8659.649
8661.644
8663.638
8665.633
8667.629
8669.625
8671.622
8673.619
8675.616
8677.613
8679.612
8681.611
8683.610
8685.609
8757.907
8759.923
8761.940
8763.958
8765.977
8767.996
8770.015
8772.034
8774.054
8776.075
8778.096
8780.117
8782.139
8784.162
8790.231
8792.255
8794.280
8796.306
8822.676
8824.708
8826.740
8828.772
8830.806
8832.839
8834.873
8836.908
8838.942
8840.978
8843.014
8849.125
8851.163
8853.201
8855.239
8865.440
8867.482
8869.524
8871.566
8873.609
8883.832
8885.877
8887.924
8889.971
8892.018
8900.211
8902.261
8904.311
8906.361
8908.412
8916.621
8918.674
8920.728
8922.782
8924.837
8926.893
8941.293
8943.352
8945.412
8947.471
8949.532
8955.716
8957.778
8959.841
8961.905
8963.968
8986.702
8988.771
8990.841
8992.911
8994.982
8997.054
8999.125
9001.198
9003.271
9005.344
9007.418
9036.501
9038.583
9040.664
9042.746
9046.911
9048.994
9051.078
9053.163
9055.248
9092.856
9094.950
9097.044
9101.234
9103.331
9105.427
9107.524
9153.776
9155.884
9157.993
9160.102
9162.211
9164.321
9219.350
9225.721
9227.846
9289.670
9296.090
9302.514
9304.656
9306.798
9308.942
9311.085
9313.229
9315.375
9317.520
9319.665
9321.812
9323.958
9326.105
9328.253
9330.401
9332.550
9334.699
9336.849
9338.999
9341.149
9343.300
9345.452
9347.604
9369.153
9371.310
9373.468
9375.627
9377.786
9379.945
9382.105
9384.266
9386.427
9401.568
9403.733
9405.899
9416.734
9418.903
9421.072
9423.241
9425.411
9434.097
9436.269
9438.442
9440.615
9442.790
9444.964
9447.139
9455.844
9458.021
9460.200
9462.378
9464.558
9473.278
9475.460
9477.642
9479.825
9482.008
9484.191
9499.490
9501.678
9503.866
9506.055
9508.244
9517.005
9519.197
9521.389
9523.582
9525.774
9549.933
9552.132
9554.332
9556.532
9558.732
9560.934
9563.135
9565.338
9567.541
9569.744
9571.948
9574.152
9605.065
9607.277
9609.489
9611.702
9613.916
9618.344
9620.559
9622.775
9624.991
9627.207
9664.965
9667.191
9669.417
9671.644
9673.872
9676.099
9678.327
9680.556
9682.786
9685.015
9687.246
9689.477
9691.708
9693.939
9696.172
9698.405
9700.638
9702.872
9705.106
9709.577
9711.813
9714.049
9716.287
9718.524
9720.762
9723.000
9725.240
9727.479
9734.201
9736.442
9738.685
9740.927
9743.170
9745.414
9747.659
9749.903
9785.890
9788.143
9790.397
9792.652
9794.907
9797.162
9799.418
9801.675
9803.933
9806.190
9808.448
9810.707
9812.966
9815.226
9817.487
9819.748
9846.918
9849.186
9851.454
9853.722
9867.345
9869.618
9871.890
9874.163
9876.437
9878.711
9890.092
9892.369
9894.647
9896.926
9899.205
9901.484
9908.326
9910.608
9912.891
9915.173
9917.457
9919.741
9922.025
9938.030
9940.319
9942.608
9944.897
9947.188
9949.479
9951.770
9954.061
9956.354
9958.646
9960.940
9963.234
9965.528
9967.823
9970.119
9972.415
9974.711
9977.008
9979.305
10002.310
10004.614
10006.917
10009.222
10011.527
10013.833
10016.138
10018.445
10020.752
10023.060
10025.368
10027.676
10029.986
10032.295
10043.853
10046.165
10060.054
10062.371
10064.688
10067.006
10078.603
10080.923
10083.245
10085.566
10087.889
10090.212
10101.836
10104.162
10106.489
10108.816
10120.461
10122.792
10125.123
10127.455
10129.787
10153.139
10155.477
10157.815
10167.175
10169.517
10171.858
10174.201
10176.544
10178.888
10185.921
10188.267
10190.613
10192.959
10195.307
10204.702
10207.052
10209.402
10211.753
10214.105
10216.457
10223.517
10225.871
10228.226
10230.581
10232.937
10235.293
10280.170
10282.538
10284.906
10287.274
10289.643
10292.013
10294.383
10296.753
10299.125
10301.497
10310.989
10313.363
10346.663
10349.046
10351.429
10370.515
10372.903
10375.292
10377.681
10380.071
10382.461
10384.852
10387.244
10389.636
10392.028
10394.421
10396.815
10399.209
10401.604
10404.000
10406.395
10408.792
10473.704
10476.116
10478.529
10480.942
10483.355
10485.770
10488.184
10490.600
10493.016
10495.432
10497.849
10500.267
10502.685
10505.103
10507.522
10509.941
10512.362
10514.783
10517.204
10519.626
10522.048
10524.472
10526.896
10529.320
10531.745
10534.170
10536.596
10539.022
10541.449
10543.877
10546.305
10548.733
10551.162
10553.592
10556.023
10558.454
10560.885
10563.317
10565.750
10568.183
