#[Z/H]    t(Gyr)      M*_T    M*_alive   M*_WD     M*_NS     M*_BH      M_TO   
# Kroupa IMF. Values refer to 1 solar mass
 -2.25   1.000000    0.6477    0.5497    0.0553    0.0130    0.0297    1.6989
 -2.25   1.500000    0.6326    0.5255    0.0645    0.0130    0.0297    1.5001
 -2.25   2.000000    0.6226    0.5084    0.0715    0.0130    0.0297    1.3781
 -2.25   3.000000    0.6089    0.4836    0.0826    0.0130    0.0297    1.2229
 -2.25   4.000000    0.5996    0.4656    0.0913    0.0130    0.0297    1.1245
 -2.25   5.000000    0.5929    0.4516    0.0986    0.0130    0.0297    1.0547
 -2.25   6.000000    0.5877    0.4401    0.1048    0.0130    0.0297    1.0017
 -2.25   7.000000    0.5835    0.4304    0.1103    0.0130    0.0297    0.9596
 -2.25   8.000000    0.5799    0.4218    0.1154    0.0130    0.0297    0.9241
 -2.25   9.000000    0.5769    0.4141    0.1200    0.0130    0.0297    0.8938
 -2.25  10.000000    0.5744    0.4075    0.1241    0.0130    0.0297    0.8689
 -2.25  11.000000    0.5721    0.4014    0.1281    0.0130    0.0297    0.8464
 -2.25  12.000000    0.5702    0.3959    0.1316    0.0130    0.0297    0.8270
 -2.25  13.000000    0.5684    0.3906    0.1351    0.0130    0.0297    0.8090
 -2.25  14.000000    0.5668    0.3855    0.1386    0.0130    0.0297    0.7920
 -2.25  15.000000    0.5654    0.3811    0.1416    0.0130    0.0297    0.7776
 -1.35   0.000001    1.0000    1.0000    0.0000    0.0000    0.0000  100.0000
 -1.35   0.000100    1.0000    1.0000    0.0000    0.0000    0.0000  100.0000
 -1.35   0.000200    1.0000    1.0000    0.0000    0.0000    0.0000  100.0000
 -1.35   0.000400    1.0000    1.0000    0.0000    0.0000    0.0000  100.0000
 -1.35   0.000600    1.0000    1.0000    0.0000    0.0000    0.0000  100.0000
 -1.35   0.000800    1.0000    1.0000    0.0000    0.0000    0.0000  100.0000
 -1.35   0.001000    1.0000    1.0000    0.0000    0.0000    0.0000  100.0000
 -1.35   0.001500    1.0000    1.0000    0.0000    0.0000    0.0000   99.9999
 -1.35   0.002000    0.9960    0.9919    0.0000    0.0000    0.0040   86.9203
 -1.35   0.002500    0.9846    0.9692    0.0000    0.0000    0.0154   60.3311
 -1.35   0.003000    0.9765    0.9530    0.0000    0.0000    0.0235   47.5091
 -1.35   0.003500    0.9708    0.9415    0.0000    0.0000    0.0292   40.5364
 -1.35   0.004000    0.9757    0.9330    0.0000    0.0130    0.0297   36.2089
 -1.35   0.004500    0.9679    0.9252    0.0000    0.0130    0.0297   32.7184
 -1.35   0.005000    0.9568    0.9141    0.0000    0.0130    0.0297   28.5138
 -1.35   0.005500    0.9483    0.9056    0.0000    0.0130    0.0297   25.7534
 -1.35   0.006000    0.9419    0.8992    0.0000    0.0130    0.0297   23.8925
 -1.35   0.006500    0.9350    0.8923    0.0000    0.0130    0.0297   22.0862
 -1.35   0.007000    0.9270    0.8843    0.0000    0.0130    0.0297   20.2189
 -1.35   0.007500    0.9233    0.8806    0.0000    0.0130    0.0297   19.4092
 -1.35   0.008000    0.9194    0.8767    0.0000    0.0130    0.0297   18.6067
 -1.35   0.008500    0.9128    0.8701    0.0000    0.0130    0.0297   17.3506
 -1.35   0.009000    0.9080    0.8653    0.0000    0.0130    0.0297   16.5012
 -1.35   0.009500    0.9044    0.8617    0.0000    0.0130    0.0297   15.9107
 -1.35   0.010000    0.9010    0.8583    0.0000    0.0130    0.0297   15.3700
 -1.35   0.015000    0.8715    0.8288    0.0000    0.0130    0.0297   11.5457
 -1.35   0.020000    0.8536    0.8109    0.0000    0.0130    0.0297    9.8196
 -1.35   0.025000    0.8531    0.8105    0.0000    0.0130    0.0297    9.7808
 -1.35   0.030000    0.8403    0.7976    0.0000    0.0130    0.0297    8.7467
 -1.35   0.035000    0.8314    0.7878    0.0009    0.0130    0.0297    8.0562
 -1.35   0.040000    0.8235    0.7787    0.0021    0.0130    0.0297    7.4725
 -1.35   0.045000    0.8165    0.7705    0.0033    0.0130    0.0297    6.9929
 -1.35   0.050000    0.8101    0.7630    0.0044    0.0130    0.0297    6.5900
 -1.35   0.055000    0.8042    0.7561    0.0055    0.0130    0.0297    6.2455
 -1.35   0.060000    0.7988    0.7497    0.0065    0.0130    0.0297    5.9468
 -1.35   0.065000    0.7938    0.7437    0.0074    0.0130    0.0297    5.6847
 -1.35   0.070000    0.7891    0.7381    0.0083    0.0130    0.0297    5.4523
 -1.35   0.075000    0.7847    0.7328    0.0092    0.0130    0.0297    5.2445
 -1.35   0.080000    0.7806    0.7279    0.0101    0.0130    0.0297    5.0573
 -1.35   0.085000    0.7767    0.7231    0.0109    0.0130    0.0297    4.8875
 -1.35   0.090000    0.7730    0.7186    0.0117    0.0130    0.0297    4.7327
 -1.35   0.095000    0.7694    0.7143    0.0125    0.0130    0.0297    4.5907
 -1.35   0.100000    0.7661    0.7102    0.0132    0.0130    0.0297    4.4600
 -1.35   0.200000    0.7279    0.6622    0.0230    0.0130    0.0297    3.2420
 -1.35   0.300000    0.7063    0.6338    0.0298    0.0130    0.0297    2.7200
 -1.35   0.400000    0.6913    0.6134    0.0352    0.0130    0.0297    2.4120
 -1.35   0.500000    0.6801    0.5978    0.0396    0.0130    0.0297    2.2050
 -1.35   0.600000    0.6713    0.5851    0.0435    0.0130    0.0297    2.0550
 -1.35   0.700000    0.6639    0.5744    0.0469    0.0130    0.0297    1.9370
 -1.35   0.800000    0.6576    0.5649    0.0500    0.0130    0.0297    1.8410
 -1.35   0.900000    0.6521    0.5566    0.0529    0.0130    0.0297    1.7610
 -1.35   1.000000    0.6473    0.5491    0.0555    0.0130    0.0297    1.6930
 -1.35   1.500000    0.6326    0.5254    0.0645    0.0130    0.0297    1.4996
 -1.35   2.000000    0.6224    0.5081    0.0716    0.0130    0.0297    1.3760
 -1.35   3.000000    0.6094    0.4846    0.0821    0.0130    0.0297    1.2290
 -1.35   4.000000    0.6007    0.4678    0.0902    0.0130    0.0297    1.1360
 -1.35   5.000000    0.5938    0.4535    0.0976    0.0130    0.0297    1.0640
 -1.35   6.000000    0.5887    0.4424    0.1036    0.0130    0.0297    1.0120
 -1.35   7.000000    0.5843    0.4324    0.1092    0.0130    0.0297    0.9680
 -1.35   8.000000    0.5813    0.4252    0.1133    0.0130    0.0297    0.9380
 -1.35   9.000000    0.5782    0.4175    0.1180    0.0130    0.0297    0.9070
 -1.35  10.000000    0.5758    0.4113    0.1218    0.0130    0.0297    0.8830
 -1.35  11.000000    0.5739    0.4062    0.1250    0.0130    0.0297    0.8640
 -1.35  12.000000    0.5717    0.4001    0.1289    0.0130    0.0297    0.8420
 -1.35  13.000000    0.5701    0.3956    0.1318    0.0130    0.0297    0.8260
 -1.35  14.000000    0.5685    0.3909    0.1349    0.0130    0.0297    0.8100
 -1.35  15.000000    0.5670    0.3861    0.1381    0.0130    0.0297    0.7940
 -0.33   0.000001    1.0000    1.0000    0.0000    0.0000    0.0000  100.0000
 -0.33   0.000100    1.0000    1.0000    0.0000    0.0000    0.0000  100.0000
 -0.33   0.000200    1.0000    1.0000    0.0000    0.0000    0.0000  100.0000
 -0.33   0.000400    1.0000    1.0000    0.0000    0.0000    0.0000  100.0000
 -0.33   0.000600    1.0000    1.0000    0.0000    0.0000    0.0000  100.0000
 -0.33   0.000800    1.0000    1.0000    0.0000    0.0000    0.0000  100.0000
 -0.33   0.001000    1.0000    1.0000    0.0000    0.0000    0.0000   99.9999
 -0.33   0.001500    0.9953    0.9907    0.0000    0.0000    0.0047   85.1159
 -0.33   0.002000    0.9874    0.9749    0.0000    0.0000    0.0126   65.8150
 -0.33   0.002500    0.9789    0.9579    0.0000    0.0000    0.0211   50.9684
 -0.33   0.003000    0.9717    0.9433    0.0000    0.0000    0.0283   41.5354
 -0.33   0.003500    0.9742    0.9315    0.0000    0.0130    0.0297   35.4911
 -0.33   0.004000    0.9720    0.9293    0.0000    0.0130    0.0297   34.4758
 -0.33   0.004500    0.9700    0.9273    0.0000    0.0130    0.0297   33.6226
 -0.33   0.005000    0.9573    0.9146    0.0000    0.0130    0.0297   28.6801
 -0.33   0.005500    0.9452    0.9025    0.0000    0.0130    0.0297   24.8380
 -0.33   0.006000    0.9365    0.8938    0.0000    0.0130    0.0297   22.4784
 -0.33   0.006500    0.9292    0.8865    0.0000    0.0130    0.0297   20.7105
 -0.33   0.007000    0.9228    0.8801    0.0000    0.0130    0.0297   19.2978
 -0.33   0.007500    0.9190    0.8763    0.0000    0.0130    0.0297   18.5389
 -0.33   0.008000    0.9152    0.8725    0.0000    0.0130    0.0297   17.7934
 -0.33   0.008500    0.9090    0.8663    0.0000    0.0130    0.0297   16.6709
 -0.33   0.009000    0.9044    0.8617    0.0000    0.0130    0.0297   15.9087
 -0.33   0.009500    0.9011    0.8584    0.0000    0.0130    0.0297   15.3772
 -0.33   0.010000    0.8979    0.8552    0.0000    0.0130    0.0297   14.8893
 -0.33   0.015000    0.8689    0.8262    0.0000    0.0130    0.0297   11.2716
 -0.33   0.020000    0.8510    0.8083    0.0000    0.0130    0.0297    9.5933
 -0.33   0.025000    0.8365    0.7937    0.0001    0.0130    0.0297    8.4638
 -0.33   0.030000    0.8271    0.7828    0.0016    0.0130    0.0297    7.7295
 -0.33   0.035000    0.8202    0.7748    0.0027    0.0130    0.0297    7.2377
 -0.33   0.040000    0.8142    0.7678    0.0037    0.0130    0.0297    6.8463
 -0.33   0.045000    0.8089    0.7616    0.0046    0.0130    0.0297    6.5187
 -0.33   0.050000    0.8041    0.7559    0.0055    0.0130    0.0297    6.2389
 -0.33   0.055000    0.8018    0.7531    0.0059    0.0130    0.0297    6.1057
 -0.33   0.060000    0.7957    0.7460    0.0070    0.0130    0.0297    5.7829
 -0.33   0.065000    0.7920    0.7416    0.0078    0.0130    0.0297    5.5934
 -0.33   0.070000    0.7892    0.7382    0.0083    0.0130    0.0297    5.4543
 -0.33   0.075000    0.7850    0.7331    0.0092    0.0130    0.0297    5.2546
 -0.33   0.080000    0.7822    0.7297    0.0097    0.0130    0.0297    5.1262
 -0.33   0.085000    0.7785    0.7253    0.0105    0.0130    0.0297    4.9653
 -0.33   0.090000    0.7761    0.7224    0.0110    0.0130    0.0297    4.8636
 -0.33   0.095000    0.7732    0.7189    0.0116    0.0130    0.0297    4.7410
 -0.33   0.100000    0.7709    0.7160    0.0121    0.0130    0.0297    4.6475
 -0.33   0.200000    0.7365    0.6732    0.0206    0.0130    0.0297    3.4785
 -0.33   0.300000    0.7165    0.6473    0.0264    0.0130    0.0297    2.9544
 -0.33   0.400000    0.7028    0.6291    0.0310    0.0130    0.0297    2.6443
 -0.33   0.500000    0.6921    0.6146    0.0349    0.0130    0.0297    2.4283
 -0.33   0.600000    0.6836    0.6027    0.0382    0.0130    0.0297    2.2682
 -0.33   0.700000    0.6765    0.5927    0.0412    0.0130    0.0297    2.1427
 -0.33   0.800000    0.6704    0.5838    0.0439    0.0130    0.0297    2.0397
 -0.33   0.900000    0.6650    0.5760    0.0464    0.0130    0.0297    1.9541
 -0.33   1.000000    0.6603    0.5690    0.0487    0.0130    0.0297    1.8814
 -0.33   1.500000    0.6428    0.5419    0.0582    0.0130    0.0297    1.6314
 -0.33   2.000000    0.6319    0.5242    0.0650    0.0130    0.0297    1.4904
 -0.33   3.000000    0.6155    0.4958    0.0770    0.0130    0.0297    1.2965
 -0.33   4.000000    0.6052    0.4766    0.0859    0.0130    0.0297    1.1835
 -0.33   5.000000    0.6001    0.4665    0.0909    0.0130    0.0297    1.1292
 -0.33   6.000000    0.5959    0.4579    0.0953    0.0130    0.0297    1.0852
 -0.33   7.000000    0.5921    0.4500    0.0994    0.0130    0.0297    1.0471
 -0.33   8.000000    0.5891    0.4433    0.1031    0.0130    0.0297    1.0159
 -0.33   9.000000    0.5864    0.4374    0.1064    0.0130    0.0297    0.9895
 -0.33  10.000000    0.5840    0.4316    0.1096    0.0130    0.0297    0.9647
 -0.33  11.000000    0.5818    0.4266    0.1126    0.0130    0.0297    0.9435
 -0.33  12.000000    0.5799    0.4219    0.1153    0.0130    0.0297    0.9246
 -0.33  13.000000    0.5782    0.4176    0.1179    0.0130    0.0297    0.9075
 -0.33  14.000000    0.5767    0.4137    0.1203    0.0130    0.0297    0.8920
 -0.33  15.000000    0.5751    0.4095    0.1229    0.0130    0.0297    0.8763
  0.00   0.000001    1.0000    1.0000    0.0000    0.0000    0.0000  100.0000
  0.00   0.000100    1.0000    1.0000    0.0000    0.0000    0.0000  100.0000
  0.00   0.000200    1.0000    1.0000    0.0000    0.0000    0.0000  100.0000
  0.00   0.000400    1.0000    1.0000    0.0000    0.0000    0.0000  100.0000
  0.00   0.000600    1.0000    1.0000    0.0000    0.0000    0.0000  100.0000
  0.00   0.000800    1.0000    1.0000    0.0000    0.0000    0.0000  100.0000
  0.00   0.001000    1.0000    1.0000    0.0000    0.0000    0.0000  100.0000
  0.00   0.001500    0.9877    0.9754    0.0000    0.0000    0.0123   66.3792
  0.00   0.002000    0.9830    0.9659    0.0000    0.0000    0.0170   57.3907
  0.00   0.002500    0.9724    0.9447    0.0000    0.0000    0.0276   42.3500
  0.00   0.003000    0.9763    0.9336    0.0000    0.0130    0.0297   36.4575
  0.00   0.003500    0.9603    0.9176    0.0000    0.0130    0.0297   29.7738
  0.00   0.004000    0.9511    0.9084    0.0000    0.0130    0.0297   26.6177
  0.00   0.004500    0.9457    0.9030    0.0000    0.0130    0.0297   24.9731
  0.00   0.005000    0.9424    0.8997    0.0000    0.0130    0.0297   24.0398
  0.00   0.005500    0.9394    0.8967    0.0000    0.0130    0.0297   23.2256
  0.00   0.006000    0.9286    0.8859    0.0000    0.0130    0.0297   20.5718
  0.00   0.006500    0.9177    0.8750    0.0000    0.0130    0.0297   18.2770
  0.00   0.007000    0.9111    0.8684    0.0000    0.0130    0.0297   17.0446
  0.00   0.007500    0.9076    0.8649    0.0000    0.0130    0.0297   16.4382
  0.00   0.008000    0.9043    0.8616    0.0000    0.0130    0.0297   15.8867
  0.00   0.008500    0.9009    0.8582    0.0000    0.0130    0.0297   15.3576
  0.00   0.009000    0.8968    0.8541    0.0000    0.0130    0.0297   14.7306
  0.00   0.009500    0.8921    0.8494    0.0000    0.0130    0.0297   14.0642
  0.00   0.010000    0.8876    0.8449    0.0000    0.0130    0.0297   13.4600
  0.00   0.015000    0.8668    0.8242    0.0000    0.0130    0.0297   11.0632
  0.00   0.020000    0.8613    0.8186    0.0000    0.0130    0.0297   10.5143
  0.00   0.025000    0.8361    0.7933    0.0001    0.0130    0.0297    8.4361
  0.00   0.030000    0.8335    0.7903    0.0005    0.0130    0.0297    8.2247
  0.00   0.035000    0.8255    0.7810    0.0018    0.0130    0.0297    7.6128
  0.00   0.040000    0.8191    0.7735    0.0029    0.0130    0.0297    7.1656
  0.00   0.045000    0.8134    0.7668    0.0038    0.0130    0.0297    6.7931
  0.00   0.050000    0.8082    0.7608    0.0048    0.0130    0.0297    6.4763
  0.00   0.055000    0.8035    0.7552    0.0056    0.0130    0.0297    6.2024
  0.00   0.060000    0.7983    0.7491    0.0066    0.0130    0.0297    5.9188
  0.00   0.065000    0.7951    0.7452    0.0072    0.0130    0.0297    5.7500
  0.00   0.070000    0.7913    0.7408    0.0079    0.0130    0.0297    5.5601
  0.00   0.075000    0.7878    0.7365    0.0086    0.0130    0.0297    5.3889
  0.00   0.080000    0.7845    0.7326    0.0093    0.0130    0.0297    5.2335
  0.00   0.085000    0.7814    0.7288    0.0099    0.0130    0.0297    5.0916
  0.00   0.090000    0.7784    0.7252    0.0105    0.0130    0.0297    4.9614
  0.00   0.095000    0.7756    0.7218    0.0111    0.0130    0.0297    4.8413
  0.00   0.100000    0.7730    0.7186    0.0117    0.0130    0.0297    4.7334
  0.00   0.200000    0.7406    0.6785    0.0195    0.0130    0.0297    3.6001
  0.00   0.300000    0.7221    0.6547    0.0247    0.0130    0.0297    3.0934
  0.00   0.400000    0.7089    0.6373    0.0289    0.0130    0.0297    2.7777
  0.00   0.500000    0.6988    0.6237    0.0324    0.0130    0.0297    2.5617
  0.00   0.600000    0.6906    0.6124    0.0355    0.0130    0.0297    2.3977
  0.00   0.700000    0.6837    0.6028    0.0382    0.0130    0.0297    2.2695
  0.00   0.800000    0.6778    0.5944    0.0406    0.0130    0.0297    2.1640
  0.00   0.900000    0.6725    0.5869    0.0429    0.0130    0.0297    2.0750
  0.00   1.000000    0.6678    0.5801    0.0450    0.0130    0.0297    1.9985
  0.00   1.500000    0.6507    0.5544    0.0537    0.0130    0.0297    1.7408
  0.00   2.000000    0.6388    0.5355    0.0606    0.0130    0.0297    1.5784
  0.00   3.000000    0.6220    0.5075    0.0719    0.0130    0.0297    1.3719
  0.00   4.000000    0.6118    0.4890    0.0801    0.0130    0.0297    1.2550
  0.00   5.000000    0.6042    0.4747    0.0868    0.0130    0.0297    1.1729
  0.00   6.000000    0.5984    0.4632    0.0926    0.0130    0.0297    1.1120
  0.00   7.000000    0.5949    0.4559    0.0963    0.0130    0.0297    1.0754
  0.00   8.000000    0.5924    0.4506    0.0991    0.0130    0.0297    1.0498
  0.00   9.000000    0.5894    0.4441    0.1026    0.0130    0.0297    1.0196
  0.00  10.000000    0.5873    0.4393    0.1053    0.0130    0.0297    0.9982
  0.00  11.000000    0.5850    0.4340    0.1083    0.0130    0.0297    0.9749
  0.00  12.000000    0.5830    0.4294    0.1109    0.0130    0.0297    0.9551
  0.00  13.000000    0.5812    0.4250    0.1135    0.0130    0.0297    0.9372
  0.00  14.000000    0.5796    0.4210    0.1159    0.0130    0.0297    0.9209
  0.00  15.000000    0.5779    0.4169    0.1183    0.0130    0.0297    0.9046
  0.35   0.000001    1.0000    1.0000    0.0000    0.0000    0.0000  100.0000
  0.35   0.000100    1.0000    1.0000    0.0000    0.0000    0.0000  100.0000
  0.35   0.000200    1.0000    1.0000    0.0000    0.0000    0.0000  100.0000
  0.35   0.000400    1.0000    1.0000    0.0000    0.0000    0.0000  100.0000
  0.35   0.000600    1.0000    1.0000    0.0000    0.0000    0.0000  100.0000
  0.35   0.000800    1.0000    1.0000    0.0000    0.0000    0.0000  100.0000
  0.35   0.001000    1.0000    1.0000    0.0000    0.0000    0.0000  100.0000
  0.35   0.001500    0.9959    0.9919    0.0000    0.0000    0.0041   86.8592
  0.35   0.002000    0.9794    0.9588    0.0000    0.0000    0.0206   51.6375
  0.35   0.002500    0.9756    0.9329    0.0000    0.0130    0.0297   36.1480
  0.35   0.003000    0.9586    0.9160    0.0000    0.0130    0.0297   29.1667
  0.35   0.003500    0.9493    0.9066    0.0000    0.0130    0.0297   26.0473
  0.35   0.004000    0.9386    0.8959    0.0000    0.0130    0.0297   23.0041
  0.35   0.004500    0.9314    0.8887    0.0000    0.0130    0.0297   21.2160
  0.35   0.005000    0.9232    0.8805    0.0000    0.0130    0.0297   19.3961
  0.35   0.005500    0.9157    0.8730    0.0000    0.0130    0.0297   17.8847
  0.35   0.006000    0.9091    0.8664    0.0000    0.0130    0.0297   16.6950
  0.35   0.006500    0.9031    0.8604    0.0000    0.0130    0.0297   15.6965
  0.35   0.007000    0.8976    0.8549    0.0000    0.0130    0.0297   14.8550
  0.35   0.007500    0.8935    0.8508    0.0000    0.0130    0.0297   14.2527
  0.35   0.008000    0.8893    0.8466    0.0000    0.0130    0.0297   13.6817
  0.35   0.008500    0.8836    0.8410    0.0000    0.0130    0.0297   12.9521
  0.35   0.009000    0.8824    0.8397    0.0000    0.0130    0.0297   12.7977
  0.35   0.009500    0.8841    0.8414    0.0000    0.0130    0.0297   13.0109
  0.35   0.010000    0.8857    0.8431    0.0000    0.0130    0.0297   13.2166
  0.35   0.015000    0.8633    0.8206    0.0000    0.0130    0.0297   10.7131
  0.35   0.020000    0.8497    0.8070    0.0000    0.0130    0.0297    9.4853
  0.35   0.025000    0.8356    0.7927    0.0002    0.0130    0.0297    8.3906
  0.35   0.030000    0.8271    0.7829    0.0015    0.0130    0.0297    7.7312
  0.35   0.035000    0.8197    0.7743    0.0028    0.0130    0.0297    7.2085
  0.35   0.040000    0.8128    0.7662    0.0039    0.0130    0.0297    6.7590
  0.35   0.045000    0.8067    0.7589    0.0050    0.0130    0.0297    6.3858
  0.35   0.050000    0.8011    0.7524    0.0060    0.0130    0.0297    6.0695
  0.35   0.055000    0.7960    0.7463    0.0070    0.0130    0.0297    5.7969
  0.35   0.060000    0.7913    0.7407    0.0079    0.0130    0.0297    5.5587
  0.35   0.065000    0.7870    0.7355    0.0088    0.0130    0.0297    5.3482
  0.35   0.070000    0.7829    0.7306    0.0096    0.0130    0.0297    5.1605
  0.35   0.075000    0.7791    0.7260    0.0104    0.0130    0.0297    4.9917
  0.35   0.080000    0.7755    0.7217    0.0111    0.0130    0.0297    4.8387
  0.35   0.085000    0.7722    0.7176    0.0119    0.0130    0.0297    4.6993
  0.35   0.090000    0.7690    0.7137    0.0126    0.0130    0.0297    4.5716
  0.35   0.095000    0.7659    0.7100    0.0132    0.0130    0.0297    4.4539
  0.35   0.100000    0.7630    0.7064    0.0139    0.0130    0.0297    4.3451
  0.35   0.200000    0.7316    0.6669    0.0219    0.0130    0.0297    3.3413
  0.35   0.300000    0.7136    0.6436    0.0274    0.0130    0.0297    2.8871
  0.35   0.400000    0.7011    0.6268    0.0316    0.0130    0.0297    2.6092
  0.35   0.500000    0.6914    0.6136    0.0351    0.0130    0.0297    2.4144
  0.35   0.600000    0.6836    0.6027    0.0382    0.0130    0.0297    2.2679
  0.35   0.700000    0.6770    0.5934    0.0409    0.0130    0.0297    2.1514
  0.35   0.800000    0.6713    0.5852    0.0434    0.0130    0.0297    2.0557
  0.35   0.900000    0.6664    0.5780    0.0457    0.0130    0.0297    1.9755
  0.35   1.000000    0.6621    0.5716    0.0478    0.0130    0.0297    1.9079
  0.35   1.500000    0.6457    0.5465    0.0565    0.0130    0.0297    1.6707
  0.35   2.000000    0.6343    0.5281    0.0634    0.0130    0.0297    1.5205
  0.35   3.000000    0.6195    0.5031    0.0738    0.0130    0.0297    1.3428
  0.35   4.000000    0.6086    0.4830    0.0828    0.0130    0.0297    1.2197
  0.35   5.000000    0.6018    0.4699    0.0892    0.0130    0.0297    1.1468
  0.35   6.000000    0.5966    0.4594    0.0945    0.0130    0.0297    1.0930
  0.35   7.000000    0.5932    0.4524    0.0982    0.0130    0.0297    1.0583
  0.35   8.000000    0.5907    0.4469    0.1011    0.0130    0.0297    1.0323
  0.35   9.000000    0.5884    0.4418    0.1039    0.0130    0.0297    1.0092
  0.35  10.000000    0.5861    0.4367    0.1068    0.0130    0.0297    0.9865
  0.35  11.000000    0.5838    0.4313    0.1098    0.0130    0.0297    0.9632
  0.35  12.000000    0.5821    0.4271    0.1123    0.0130    0.0297    0.9457
  0.35  13.000000    0.5803    0.4229    0.1148    0.0130    0.0297    0.9283
  0.35  14.000000    0.5787    0.4189    0.1171    0.0130    0.0297    0.9125
  0.35  15.000000    0.5773    0.4152    0.1194    0.0130    0.0297    0.8980
  0.67   1.000000    0.6646    0.5754    0.0466    0.0130    0.0297    1.9477
  0.67   1.500000    0.6484    0.5508    0.0549    0.0130    0.0297    1.7081
  0.67   2.000000    0.6371    0.5327    0.0616    0.0130    0.0297    1.5564
  0.67   3.000000    0.6186    0.5014    0.0745    0.0130    0.0297    1.3322
  0.67   4.000000    0.6051    0.4763    0.0860    0.0130    0.0297    1.1819
  0.67   5.000000    0.5945    0.4550    0.0968    0.0130    0.0297    1.0710
  0.67   6.000000    0.5900    0.4454    0.1019    0.0130    0.0297    1.0258
  0.67   7.000000    0.5864    0.4374    0.1064    0.0130    0.0297    0.9895
  0.67   8.000000    0.5835    0.4305    0.1103    0.0130    0.0297    0.9598
  0.67   9.000000    0.5809    0.4244    0.1139    0.0130    0.0297    0.9344
  0.67  10.000000    0.5787    0.4188    0.1172    0.0130    0.0297    0.9122
  0.67  11.000000    0.5767    0.4137    0.1203    0.0130    0.0297    0.8921
  0.67  12.000000    0.5749    0.4090    0.1232    0.0130    0.0297    0.8742
  0.67  13.000000    0.5733    0.4045    0.1260    0.0130    0.0297    0.8579
  0.67  14.000000    0.5718    0.4004    0.1287    0.0130    0.0297    0.8430
  0.67  15.000000    0.5704    0.3966    0.1312    0.0130    0.0297    0.8294